alp[1]	1	3000
alp[2]	3001	6000
alp[3]	6001	9000
alp[4]	9001	12000
alp[5]	12001	15000
alp[6]	15001	18000
alp[7]	18001	21000
alp[8]	21001	24000
alp[9]	24001	27000
deviance	27001	30000
gam[1]	30001	33000
gam[2]	33001	36000
lam[1]	36001	39000
lam[2]	39001	42000
lam[3]	42001	45000
lam[4]	45001	48000
lam[5]	48001	51000
lam[6]	51001	54000
phi[1,1]	54001	57000
phi[1,2]	57001	60000
phi[2,1]	60001	63000
phi[2,2]	63001	66000
psi[1]	66001	69000
psi[2]	69001	72000
psi[3]	72001	75000
psi[4]	75001	78000
psi[5]	78001	81000
psi[6]	81001	84000
psi[7]	84001	87000
psi[8]	87001	90000
psi[9]	90001	93000
xi[1,1]	93001	96000
xi[1,2]	96001	99000
xi[2,1]	99001	102000
xi[2,2]	102001	105000
xi[3,1]	105001	108000
xi[3,2]	108001	111000
xi[4,1]	111001	114000
xi[4,2]	114001	117000
xi[5,1]	117001	120000
xi[5,2]	120001	123000
xi[6,1]	123001	126000
xi[6,2]	126001	129000
xi[7,1]	129001	132000
xi[7,2]	132001	135000
xi[8,1]	135001	138000
xi[8,2]	138001	141000
xi[9,1]	141001	144000
xi[9,2]	144001	147000
xi[10,1]	147001	150000
xi[10,2]	150001	153000
xi[11,1]	153001	156000
xi[11,2]	156001	159000
xi[12,1]	159001	162000
xi[12,2]	162001	165000
xi[13,1]	165001	168000
xi[13,2]	168001	171000
xi[14,1]	171001	174000
xi[14,2]	174001	177000
xi[15,1]	177001	180000
xi[15,2]	180001	183000
xi[16,1]	183001	186000
xi[16,2]	186001	189000
xi[17,1]	189001	192000
xi[17,2]	192001	195000
xi[18,1]	195001	198000
xi[18,2]	198001	201000
xi[19,1]	201001	204000
xi[19,2]	204001	207000
xi[20,1]	207001	210000
xi[20,2]	210001	213000
xi[21,1]	213001	216000
xi[21,2]	216001	219000
xi[22,1]	219001	222000
xi[22,2]	222001	225000
xi[23,1]	225001	228000
xi[23,2]	228001	231000
xi[24,1]	231001	234000
xi[24,2]	234001	237000
xi[25,1]	237001	240000
xi[25,2]	240001	243000
xi[26,1]	243001	246000
xi[26,2]	246001	249000
xi[27,1]	249001	252000
xi[27,2]	252001	255000
xi[28,1]	255001	258000
xi[28,2]	258001	261000
xi[29,1]	261001	264000
xi[29,2]	264001	267000
xi[30,1]	267001	270000
xi[30,2]	270001	273000
xi[31,1]	273001	276000
xi[31,2]	276001	279000
xi[32,1]	279001	282000
xi[32,2]	282001	285000
xi[33,1]	285001	288000
xi[33,2]	288001	291000
xi[34,1]	291001	294000
xi[34,2]	294001	297000
xi[35,1]	297001	300000
xi[35,2]	300001	303000
xi[36,1]	303001	306000
xi[36,2]	306001	309000
xi[37,1]	309001	312000
xi[37,2]	312001	315000
xi[38,1]	315001	318000
xi[38,2]	318001	321000
xi[39,1]	321001	324000
xi[39,2]	324001	327000
xi[40,1]	327001	330000
xi[40,2]	330001	333000
xi[41,1]	333001	336000
xi[41,2]	336001	339000
xi[42,1]	339001	342000
xi[42,2]	342001	345000
xi[43,1]	345001	348000
xi[43,2]	348001	351000
xi[44,1]	351001	354000
xi[44,2]	354001	357000
xi[45,1]	357001	360000
xi[45,2]	360001	363000
xi[46,1]	363001	366000
xi[46,2]	366001	369000
xi[47,1]	369001	372000
xi[47,2]	372001	375000
xi[48,1]	375001	378000
xi[48,2]	378001	381000
xi[49,1]	381001	384000
xi[49,2]	384001	387000
xi[50,1]	387001	390000
xi[50,2]	390001	393000
xi[51,1]	393001	396000
xi[51,2]	396001	399000
xi[52,1]	399001	402000
xi[52,2]	402001	405000
xi[53,1]	405001	408000
xi[53,2]	408001	411000
xi[54,1]	411001	414000
xi[54,2]	414001	417000
xi[55,1]	417001	420000
xi[55,2]	420001	423000
xi[56,1]	423001	426000
xi[56,2]	426001	429000
xi[57,1]	429001	432000
xi[57,2]	432001	435000
xi[58,1]	435001	438000
xi[58,2]	438001	441000
xi[59,1]	441001	444000
xi[59,2]	444001	447000
xi[60,1]	447001	450000
xi[60,2]	450001	453000
xi[61,1]	453001	456000
xi[61,2]	456001	459000
xi[62,1]	459001	462000
xi[62,2]	462001	465000
xi[63,1]	465001	468000
xi[63,2]	468001	471000
xi[64,1]	471001	474000
xi[64,2]	474001	477000
xi[65,1]	477001	480000
xi[65,2]	480001	483000
xi[66,1]	483001	486000
xi[66,2]	486001	489000
xi[67,1]	489001	492000
xi[67,2]	492001	495000
xi[68,1]	495001	498000
xi[68,2]	498001	501000
xi[69,1]	501001	504000
xi[69,2]	504001	507000
xi[70,1]	507001	510000
xi[70,2]	510001	513000
xi[71,1]	513001	516000
xi[71,2]	516001	519000
xi[72,1]	519001	522000
xi[72,2]	522001	525000
xi[73,1]	525001	528000
xi[73,2]	528001	531000
xi[74,1]	531001	534000
xi[74,2]	534001	537000
xi[75,1]	537001	540000
xi[75,2]	540001	543000
xi[76,1]	543001	546000
xi[76,2]	546001	549000
xi[77,1]	549001	552000
xi[77,2]	552001	555000
xi[78,1]	555001	558000
xi[78,2]	558001	561000
xi[79,1]	561001	564000
xi[79,2]	564001	567000
xi[80,1]	567001	570000
xi[80,2]	570001	573000
xi[81,1]	573001	576000
xi[81,2]	576001	579000
xi[82,1]	579001	582000
xi[82,2]	582001	585000
xi[83,1]	585001	588000
xi[83,2]	588001	591000
xi[84,1]	591001	594000
xi[84,2]	594001	597000
xi[85,1]	597001	600000
xi[85,2]	600001	603000
xi[86,1]	603001	606000
xi[86,2]	606001	609000
xi[87,1]	609001	612000
xi[87,2]	612001	615000
xi[88,1]	615001	618000
xi[88,2]	618001	621000
xi[89,1]	621001	624000
xi[89,2]	624001	627000
xi[90,1]	627001	630000
xi[90,2]	630001	633000
xi[91,1]	633001	636000
xi[91,2]	636001	639000
xi[92,1]	639001	642000
xi[92,2]	642001	645000
xi[93,1]	645001	648000
xi[93,2]	648001	651000
xi[94,1]	651001	654000
xi[94,2]	654001	657000
xi[95,1]	657001	660000
xi[95,2]	660001	663000
xi[96,1]	663001	666000
xi[96,2]	666001	669000
xi[97,1]	669001	672000
xi[97,2]	672001	675000
xi[98,1]	675001	678000
xi[98,2]	678001	681000
xi[99,1]	681001	684000
xi[99,2]	684001	687000
xi[100,1]	687001	690000
xi[100,2]	690001	693000
xi[101,1]	693001	696000
xi[101,2]	696001	699000
xi[102,1]	699001	702000
xi[102,2]	702001	705000
xi[103,1]	705001	708000
xi[103,2]	708001	711000
xi[104,1]	711001	714000
xi[104,2]	714001	717000
xi[105,1]	717001	720000
xi[105,2]	720001	723000
xi[106,1]	723001	726000
xi[106,2]	726001	729000
xi[107,1]	729001	732000
xi[107,2]	732001	735000
xi[108,1]	735001	738000
xi[108,2]	738001	741000
xi[109,1]	741001	744000
xi[109,2]	744001	747000
xi[110,1]	747001	750000
xi[110,2]	750001	753000
xi[111,1]	753001	756000
xi[111,2]	756001	759000
xi[112,1]	759001	762000
xi[112,2]	762001	765000
xi[113,1]	765001	768000
xi[113,2]	768001	771000
xi[114,1]	771001	774000
xi[114,2]	774001	777000
xi[115,1]	777001	780000
xi[115,2]	780001	783000
xi[116,1]	783001	786000
xi[116,2]	786001	789000
xi[117,1]	789001	792000
xi[117,2]	792001	795000
xi[118,1]	795001	798000
xi[118,2]	798001	801000
xi[119,1]	801001	804000
xi[119,2]	804001	807000
xi[120,1]	807001	810000
xi[120,2]	810001	813000
xi[121,1]	813001	816000
xi[121,2]	816001	819000
xi[122,1]	819001	822000
xi[122,2]	822001	825000
xi[123,1]	825001	828000
xi[123,2]	828001	831000
xi[124,1]	831001	834000
xi[124,2]	834001	837000
xi[125,1]	837001	840000
xi[125,2]	840001	843000
xi[126,1]	843001	846000
xi[126,2]	846001	849000
xi[127,1]	849001	852000
xi[127,2]	852001	855000
xi[128,1]	855001	858000
xi[128,2]	858001	861000
xi[129,1]	861001	864000
xi[129,2]	864001	867000
xi[130,1]	867001	870000
xi[130,2]	870001	873000
xi[131,1]	873001	876000
xi[131,2]	876001	879000
xi[132,1]	879001	882000
xi[132,2]	882001	885000
xi[133,1]	885001	888000
xi[133,2]	888001	891000
xi[134,1]	891001	894000
xi[134,2]	894001	897000
xi[135,1]	897001	900000
xi[135,2]	900001	903000
xi[136,1]	903001	906000
xi[136,2]	906001	909000
xi[137,1]	909001	912000
xi[137,2]	912001	915000
xi[138,1]	915001	918000
xi[138,2]	918001	921000
xi[139,1]	921001	924000
xi[139,2]	924001	927000
xi[140,1]	927001	930000
xi[140,2]	930001	933000
xi[141,1]	933001	936000
xi[141,2]	936001	939000
xi[142,1]	939001	942000
xi[142,2]	942001	945000
xi[143,1]	945001	948000
xi[143,2]	948001	951000
xi[144,1]	951001	954000
xi[144,2]	954001	957000
xi[145,1]	957001	960000
xi[145,2]	960001	963000
xi[146,1]	963001	966000
xi[146,2]	966001	969000
xi[147,1]	969001	972000
xi[147,2]	972001	975000
xi[148,1]	975001	978000
xi[148,2]	978001	981000
xi[149,1]	981001	984000
xi[149,2]	984001	987000
xi[150,1]	987001	990000
xi[150,2]	990001	993000
xi[151,1]	993001	996000
xi[151,2]	996001	999000
xi[152,1]	999001	1002000
xi[152,2]	1002001	1005000
xi[153,1]	1005001	1008000
xi[153,2]	1008001	1011000
xi[154,1]	1011001	1014000
xi[154,2]	1014001	1017000
xi[155,1]	1017001	1020000
xi[155,2]	1020001	1023000
xi[156,1]	1023001	1026000
xi[156,2]	1026001	1029000
xi[157,1]	1029001	1032000
xi[157,2]	1032001	1035000
xi[158,1]	1035001	1038000
xi[158,2]	1038001	1041000
xi[159,1]	1041001	1044000
xi[159,2]	1044001	1047000
xi[160,1]	1047001	1050000
xi[160,2]	1050001	1053000
xi[161,1]	1053001	1056000
xi[161,2]	1056001	1059000
xi[162,1]	1059001	1062000
xi[162,2]	1062001	1065000
xi[163,1]	1065001	1068000
xi[163,2]	1068001	1071000
xi[164,1]	1071001	1074000
xi[164,2]	1074001	1077000
xi[165,1]	1077001	1080000
xi[165,2]	1080001	1083000
xi[166,1]	1083001	1086000
xi[166,2]	1086001	1089000
xi[167,1]	1089001	1092000
xi[167,2]	1092001	1095000
xi[168,1]	1095001	1098000
xi[168,2]	1098001	1101000
xi[169,1]	1101001	1104000
xi[169,2]	1104001	1107000
xi[170,1]	1107001	1110000
xi[170,2]	1110001	1113000
xi[171,1]	1113001	1116000
xi[171,2]	1116001	1119000
xi[172,1]	1119001	1122000
xi[172,2]	1122001	1125000
xi[173,1]	1125001	1128000
xi[173,2]	1128001	1131000
xi[174,1]	1131001	1134000
xi[174,2]	1134001	1137000
xi[175,1]	1137001	1140000
xi[175,2]	1140001	1143000
xi[176,1]	1143001	1146000
xi[176,2]	1146001	1149000
xi[177,1]	1149001	1152000
xi[177,2]	1152001	1155000
xi[178,1]	1155001	1158000
xi[178,2]	1158001	1161000
xi[179,1]	1161001	1164000
xi[179,2]	1164001	1167000
xi[180,1]	1167001	1170000
xi[180,2]	1170001	1173000
xi[181,1]	1173001	1176000
xi[181,2]	1176001	1179000
xi[182,1]	1179001	1182000
xi[182,2]	1182001	1185000
xi[183,1]	1185001	1188000
xi[183,2]	1188001	1191000
xi[184,1]	1191001	1194000
xi[184,2]	1194001	1197000
xi[185,1]	1197001	1200000
xi[185,2]	1200001	1203000
xi[186,1]	1203001	1206000
xi[186,2]	1206001	1209000
xi[187,1]	1209001	1212000
xi[187,2]	1212001	1215000
xi[188,1]	1215001	1218000
xi[188,2]	1218001	1221000
xi[189,1]	1221001	1224000
xi[189,2]	1224001	1227000
xi[190,1]	1227001	1230000
xi[190,2]	1230001	1233000
xi[191,1]	1233001	1236000
xi[191,2]	1236001	1239000
xi[192,1]	1239001	1242000
xi[192,2]	1242001	1245000
xi[193,1]	1245001	1248000
xi[193,2]	1248001	1251000
xi[194,1]	1251001	1254000
xi[194,2]	1254001	1257000
xi[195,1]	1257001	1260000
xi[195,2]	1260001	1263000
xi[196,1]	1263001	1266000
xi[196,2]	1266001	1269000
xi[197,1]	1269001	1272000
xi[197,2]	1272001	1275000
xi[198,1]	1275001	1278000
xi[198,2]	1278001	1281000
xi[199,1]	1281001	1284000
xi[199,2]	1284001	1287000
xi[200,1]	1287001	1290000
xi[200,2]	1290001	1293000
xi[201,1]	1293001	1296000
xi[201,2]	1296001	1299000
xi[202,1]	1299001	1302000
xi[202,2]	1302001	1305000
xi[203,1]	1305001	1308000
xi[203,2]	1308001	1311000
xi[204,1]	1311001	1314000
xi[204,2]	1314001	1317000
xi[205,1]	1317001	1320000
xi[205,2]	1320001	1323000
xi[206,1]	1323001	1326000
xi[206,2]	1326001	1329000
xi[207,1]	1329001	1332000
xi[207,2]	1332001	1335000
xi[208,1]	1335001	1338000
xi[208,2]	1338001	1341000
xi[209,1]	1341001	1344000
xi[209,2]	1344001	1347000
xi[210,1]	1347001	1350000
xi[210,2]	1350001	1353000
xi[211,1]	1353001	1356000
xi[211,2]	1356001	1359000
xi[212,1]	1359001	1362000
xi[212,2]	1362001	1365000
xi[213,1]	1365001	1368000
xi[213,2]	1368001	1371000
xi[214,1]	1371001	1374000
xi[214,2]	1374001	1377000
xi[215,1]	1377001	1380000
xi[215,2]	1380001	1383000
xi[216,1]	1383001	1386000
xi[216,2]	1386001	1389000
xi[217,1]	1389001	1392000
xi[217,2]	1392001	1395000
xi[218,1]	1395001	1398000
xi[218,2]	1398001	1401000
xi[219,1]	1401001	1404000
xi[219,2]	1404001	1407000
xi[220,1]	1407001	1410000
xi[220,2]	1410001	1413000
xi[221,1]	1413001	1416000
xi[221,2]	1416001	1419000
xi[222,1]	1419001	1422000
xi[222,2]	1422001	1425000
xi[223,1]	1425001	1428000
xi[223,2]	1428001	1431000
xi[224,1]	1431001	1434000
xi[224,2]	1434001	1437000
xi[225,1]	1437001	1440000
xi[225,2]	1440001	1443000
xi[226,1]	1443001	1446000
xi[226,2]	1446001	1449000
xi[227,1]	1449001	1452000
xi[227,2]	1452001	1455000
xi[228,1]	1455001	1458000
xi[228,2]	1458001	1461000
xi[229,1]	1461001	1464000
xi[229,2]	1464001	1467000
xi[230,1]	1467001	1470000
xi[230,2]	1470001	1473000
xi[231,1]	1473001	1476000
xi[231,2]	1476001	1479000
xi[232,1]	1479001	1482000
xi[232,2]	1482001	1485000
xi[233,1]	1485001	1488000
xi[233,2]	1488001	1491000
xi[234,1]	1491001	1494000
xi[234,2]	1494001	1497000
xi[235,1]	1497001	1500000
xi[235,2]	1500001	1503000
xi[236,1]	1503001	1506000
xi[236,2]	1506001	1509000
xi[237,1]	1509001	1512000
xi[237,2]	1512001	1515000
xi[238,1]	1515001	1518000
xi[238,2]	1518001	1521000
xi[239,1]	1521001	1524000
xi[239,2]	1524001	1527000
xi[240,1]	1527001	1530000
xi[240,2]	1530001	1533000
xi[241,1]	1533001	1536000
xi[241,2]	1536001	1539000
xi[242,1]	1539001	1542000
xi[242,2]	1542001	1545000
xi[243,1]	1545001	1548000
xi[243,2]	1548001	1551000
xi[244,1]	1551001	1554000
xi[244,2]	1554001	1557000
xi[245,1]	1557001	1560000
xi[245,2]	1560001	1563000
xi[246,1]	1563001	1566000
xi[246,2]	1566001	1569000
xi[247,1]	1569001	1572000
xi[247,2]	1572001	1575000
xi[248,1]	1575001	1578000
xi[248,2]	1578001	1581000
xi[249,1]	1581001	1584000
xi[249,2]	1584001	1587000
xi[250,1]	1587001	1590000
xi[250,2]	1590001	1593000
xi[251,1]	1593001	1596000
xi[251,2]	1596001	1599000
xi[252,1]	1599001	1602000
xi[252,2]	1602001	1605000
xi[253,1]	1605001	1608000
xi[253,2]	1608001	1611000
xi[254,1]	1611001	1614000
xi[254,2]	1614001	1617000
xi[255,1]	1617001	1620000
xi[255,2]	1620001	1623000
xi[256,1]	1623001	1626000
xi[256,2]	1626001	1629000
xi[257,1]	1629001	1632000
xi[257,2]	1632001	1635000
xi[258,1]	1635001	1638000
xi[258,2]	1638001	1641000
xi[259,1]	1641001	1644000
xi[259,2]	1644001	1647000
xi[260,1]	1647001	1650000
xi[260,2]	1650001	1653000
xi[261,1]	1653001	1656000
xi[261,2]	1656001	1659000
xi[262,1]	1659001	1662000
xi[262,2]	1662001	1665000
xi[263,1]	1665001	1668000
xi[263,2]	1668001	1671000
xi[264,1]	1671001	1674000
xi[264,2]	1674001	1677000
xi[265,1]	1677001	1680000
xi[265,2]	1680001	1683000
xi[266,1]	1683001	1686000
xi[266,2]	1686001	1689000
xi[267,1]	1689001	1692000
xi[267,2]	1692001	1695000
xi[268,1]	1695001	1698000
xi[268,2]	1698001	1701000
xi[269,1]	1701001	1704000
xi[269,2]	1704001	1707000
xi[270,1]	1707001	1710000
xi[270,2]	1710001	1713000
xi[271,1]	1713001	1716000
xi[271,2]	1716001	1719000
xi[272,1]	1719001	1722000
xi[272,2]	1722001	1725000
xi[273,1]	1725001	1728000
xi[273,2]	1728001	1731000
xi[274,1]	1731001	1734000
xi[274,2]	1734001	1737000
xi[275,1]	1737001	1740000
xi[275,2]	1740001	1743000
xi[276,1]	1743001	1746000
xi[276,2]	1746001	1749000
xi[277,1]	1749001	1752000
xi[277,2]	1752001	1755000
xi[278,1]	1755001	1758000
xi[278,2]	1758001	1761000
xi[279,1]	1761001	1764000
xi[279,2]	1764001	1767000
xi[280,1]	1767001	1770000
xi[280,2]	1770001	1773000
xi[281,1]	1773001	1776000
xi[281,2]	1776001	1779000
xi[282,1]	1779001	1782000
xi[282,2]	1782001	1785000
xi[283,1]	1785001	1788000
xi[283,2]	1788001	1791000
xi[284,1]	1791001	1794000
xi[284,2]	1794001	1797000
xi[285,1]	1797001	1800000
xi[285,2]	1800001	1803000
xi[286,1]	1803001	1806000
xi[286,2]	1806001	1809000
xi[287,1]	1809001	1812000
xi[287,2]	1812001	1815000
xi[288,1]	1815001	1818000
xi[288,2]	1818001	1821000
xi[289,1]	1821001	1824000
xi[289,2]	1824001	1827000
xi[290,1]	1827001	1830000
xi[290,2]	1830001	1833000
xi[291,1]	1833001	1836000
xi[291,2]	1836001	1839000
xi[292,1]	1839001	1842000
xi[292,2]	1842001	1845000
xi[293,1]	1845001	1848000
xi[293,2]	1848001	1851000
xi[294,1]	1851001	1854000
xi[294,2]	1854001	1857000
xi[295,1]	1857001	1860000
xi[295,2]	1860001	1863000
xi[296,1]	1863001	1866000
xi[296,2]	1866001	1869000
xi[297,1]	1869001	1872000
xi[297,2]	1872001	1875000
xi[298,1]	1875001	1878000
xi[298,2]	1878001	1881000
xi[299,1]	1881001	1884000
xi[299,2]	1884001	1887000
xi[300,1]	1887001	1890000
xi[300,2]	1890001	1893000
