YO.dat

 -0.774, -1.539, -0.535,  0.846,  1.280, -0.064, -0.689, -0.826, -0.387,
  2.108,  1.780,  1.409,  1.617,  1.545,  0.564,  0.610,  0.731, -0.761,
  0.806,  1.068,  0.155,  2.303,  0.202,  1.819,  1.222,  0.541,  0.207,
 -0.270, -0.493, -0.045,  0.247, -0.805,  0.632, -0.062,  0.530, -0.136,
 -0.269, -0.609,  0.126, -1.647, -0.707, -1.557, -0.018,  1.077,  0.649,
  0.971,  0.657,  0.685,  0.002,  0.344,  0.046,  0.729,  0.258, -1.009,
 -0.342,  0.163, -0.365,  0.465,  0.071,  1.578, -0.421, -0.675,  0.712,
 -0.476, -1.957, -1.223,  0.064,  0.940,  0.102, -1.475, -1.141, -0.356,
 -0.460,  0.028,  0.076, -0.615, -0.197, -0.580,  0.847,  0.006,  0.871,
 -1.535, -2.343, -1.564, -1.892, -0.662, -0.114, -0.225, -0.199,  0.395,
 -1.182, -1.177, -0.153, -0.835,  0.088, -1.958, -1.629, -1.570,  0.182,
 -1.869,  0.344, -0.746, -0.955, -1.553, -0.851, -2.091, -1.588, -0.682,
 -0.542, -0.118,  0.044, -0.705,  0.085, -0.442,  0.918,  0.015,  1.162,
 -1.093, -0.355, -0.837, -0.945,  0.193,  0.388,  0.525, -1.319, -0.671,
  0.919,  0.766,  0.747,  1.588,  2.049,  0.335,  1.052, -0.001,  1.152,
 -0.299, -0.227, -0.576,  2.290,  2.098,  1.893, -1.801, -0.765, -1.660,
  1.868,  2.058,  1.057,  4.206,  3.106,  3.530,  1.366,  2.028,  1.355,
 -0.365, -0.247,  0.525,  1.831,  2.472,  1.036,  0.933,  0.285,  0.754,
  0.116, -0.993, -0.043, -0.772, -0.435, -1.246, -0.480, -0.542,  1.005,
 -0.650, -1.859, -0.806, -1.176, -0.759,  0.129, -1.644, -2.757, -0.271,
 -0.288, -0.057, -0.207, -1.802,  0.319, -0.263,  0.125, -1.021, -0.542,
  2.326,  3.534,  1.281,  2.810,  0.449,  1.339,  4.059,  2.949,  1.027,
  2.714,  1.268, -0.103,  2.412,  1.656,  0.557, -0.303, -0.925, -0.632,
  1.368,  1.205,  0.211, -0.038,  0.480,  0.703,  0.166, -0.344, -0.416,
  0.440,  1.066,  0.680,  2.104,  3.193,  0.807,  0.577,  0.798,  1.148,
  0.204,  0.670, -0.152,  0.500,  2.204,  1.449,  3.176,  0.014,  1.354,
 -0.842, -0.536,  0.117,  0.212, -0.416, -0.584,  1.069,  0.000,  0.039,
  1.360,  0.876,  1.091,  2.453,  1.456,  1.141,  2.055,  0.238,  0.563,
 -0.499,  0.480, -0.515,  1.120,  0.295,  2.724,  1.128,  1.910,  2.017,
 -0.379, -1.333, -0.524,  0.304, -0.305, -0.778,  1.169, -0.362, -1.010,
 -0.171, -0.976, -0.258, -0.140,  1.041,  1.119, -1.145, -1.099, -0.202,
  0.118,  0.236,  0.839,  0.553,  0.762,  1.580,  0.153, -1.803,  0.750,
  0.588,  0.547, -0.249,  0.363,  0.764, -0.455, -0.915,  0.690, -1.152,
 -1.109, -1.788, -1.087, -0.012, -1.294, -0.395,  0.870,  0.943, -0.800,
 -1.827, -2.593, -1.335, -0.610, -0.625, -0.848,  1.037, -0.839,  0.010,
  0.563,  1.313,  1.176, -0.330,  1.173, -0.147,  2.894,  1.558,  1.483,
  1.160,  0.991,  0.892,  1.885,  1.242,  1.002,  1.406,  1.613,  1.080,
 -0.630,  0.947, -0.262, -0.182,  0.666,  1.105, -0.265,  1.506,  0.871,
  0.797,  0.523, -0.388, -0.001,  0.502, -0.896,  0.279, -0.654, -1.246,
 -0.725, -0.530, -0.477, -0.705, -0.142, -0.155, -0.706,  0.122, -0.603,
  0.293,  0.693,  0.731,  1.319,  1.272,  0.145,  0.896,  0.671,  0.019,
  0.482, -0.439,  0.472,  0.074,  1.351, -0.737, -1.036,  0.531, -0.233,
 -0.108, -0.736, -0.373,  0.770, -0.077, -0.194, -1.462, -0.816,  0.139,
  0.401, -0.301, -0.061,  1.688,  0.499,  0.157, -0.257,  0.234,  0.353,
  0.129, -0.649, -0.468, -0.015,  0.208,  0.242, -0.197, -0.384,  0.772,
 -0.965, -1.650, -0.061,  0.324, -0.289,  0.914, -1.905, -2.925, -2.022,
  0.670,  0.996, -0.543, -0.649,  0.453, -0.906,  0.264, -0.212,  0.202,
  0.821,  0.666,  0.296,  1.318,  1.601,  0.986,  0.016, -0.216,  0.884,
  0.684,  0.051, -1.249, -0.390, -0.057,  1.069,  0.027,  1.209,  0.599,
 -2.426, -1.397, -0.685, -1.818, -0.683, -0.560, -0.080,  0.768,  1.115,
 -0.102, -0.673, -0.398, -0.285, -0.494, -0.223, -2.150, -0.395, -0.968,
  0.722, -0.175, -0.527, -1.321,  0.717,  0.041,  0.126,  0.104, -0.035,
  0.172, -0.671, -0.129, -1.999, -1.736, -0.780,  2.071, -0.311, -0.483,
 -2.438, -1.050, -0.827,  1.555, -2.895, -0.169, -1.923, -0.863, -2.007,
  1.888,  2.199,  2.293, -0.574,  0.139, -0.477,  0.695,  1.959,  1.939,
 -1.342, -2.196, -0.586, -2.310, -0.087, -0.239, -0.476, -1.527, -0.955,
  0.875,  2.551,  1.728,  0.383,  2.107,  0.995, -0.266,  1.427, -0.160,
  0.558,  1.498,  0.028,  1.247,  1.014, -0.032,  0.274,  0.318,  0.252,
 -1.237, -1.373, -0.552,  0.033, -0.891, -1.249, -2.683, -1.405, -1.595,
 -1.319, -0.944,  0.562, -1.379, -0.317,  0.849, -1.220,  1.031,  1.114,
 -3.098, -3.488, -3.037, -1.157, -1.464, -1.500, -2.498, -1.723, -1.009,
  1.583,  1.426,  0.527,  2.968,  2.423,  1.439,  0.815,  0.673,  0.265,
  0.303,  0.874,  1.053,  2.024,  0.176, -0.765,  1.237,  0.627,  1.822,
  1.273,  1.293,  0.969,  1.147,  0.670,  0.871,  0.539,  0.175, -0.637,
  0.386,  0.128, -0.665,  0.082,  0.007,  0.708,  0.288, -0.411, -0.039,
  0.600,  1.821,  0.333,  1.710,  2.089,  1.019,  0.819, -0.069,  1.241,
  0.465, -0.369,  0.349,  0.038, -0.660,  0.775, -0.024,  0.782,  1.266,
 -2.018, -1.159, -1.424, -0.737, -2.115, -0.368, -0.903, -0.864, -1.613,
  0.875,  1.327,  0.556,  1.163,  2.334,  0.173, -0.298, -0.603, -0.276,
  0.855, -0.849,  0.419, -0.876, -0.638,  0.579, -0.012,  2.070,  1.230,
 -1.185, -0.035, -0.692, -1.755, -0.877, -0.814, -0.817, -0.895, -0.433,
  0.285,  0.496,  0.148, -1.087, -1.422, -0.521, -0.160,  0.501, -0.171,
 -0.743, -0.209, -0.663, -0.011, -1.194, -1.111, -0.925, -1.762, -1.361,
  0.931,  2.660,  1.207,  0.672,  0.546,  0.473,  1.280,  1.370,  1.373,
 -0.545, -1.225, -1.311,  0.087, -0.451, -0.081, -0.718, -1.218, -0.132,
 -1.789, -1.716, -0.694, -0.685, -0.919,  0.317, -1.854,  0.252, -0.898,
  0.072, -0.333, -0.634, -2.496, -2.614, -1.799,  1.517,  0.796,  1.350,
  2.054,  1.975,  0.441,  3.718,  1.447,  2.083, -0.021, -0.246, -0.944,
 -1.557, -1.014, -0.386,  0.355, -0.596,  1.641, -2.123,  0.417, -0.319,
  0.466,  1.204,  1.149,  0.600,  1.837,  1.781,  0.239,  0.284, -0.155,
 -1.368, -2.102, -1.529, -2.329, -2.177, -1.093,  1.179, -0.218,  0.184,
 -0.408,  0.700, -0.208,  0.652,  1.155,  1.002,  0.409,  0.403,  0.040,
 -1.244, -1.821, -0.446, -3.162, -1.480, -0.110, -0.114,  0.011, -0.789,
 -0.616, -1.013,  0.152,  1.908,  1.252,  0.335, -0.986,  0.824, -0.263,
 -0.881, -1.934, -1.277, -1.653, -0.619, -1.030, -2.650, -2.510, -2.823,
  0.380, -0.591,  1.301, -0.105,  1.070,  0.817, -1.236, -1.360, -0.874,
 -2.129, -1.993, -1.319, -1.847, -0.474, -1.075, -1.221, -0.345, -0.665,
 -2.010, -1.365, -1.306, -1.224,  0.264, -0.803, -1.594, -1.631, -2.082,
  0.819,  1.170,  0.963,  1.523, -0.420,  1.299,  1.386, -0.947,  0.390,
  0.014,  0.848, -0.186,  0.872,  0.367, -0.353, -0.350,  1.076, -0.021,
  1.112,  0.807,  0.951,  1.281, -0.089, -0.221, -0.748, -1.450, -1.632,
  1.256,  1.301,  0.735,  2.585,  1.446,  1.864,  0.374,  0.531,  1.163,
  1.335,  0.134,  1.344,  1.475,  1.976,  0.578,  0.908,  0.118, -1.191,
 -0.919, -0.027, -0.948, -1.592, -2.002, -2.044,  1.641,  1.712,  1.064,
  1.208, -0.749,  0.418,  0.991,  0.106,  1.181, -1.214, -1.586, -0.314,
  0.421, -0.027, -0.006,  0.933,  0.970,  0.184, -0.403,  0.065,  0.543,
  3.124,  1.943,  0.805, -0.207,  1.198,  2.502,  0.505, -0.254, -0.102,
  0.605,  0.368, -0.275,  0.331,  0.112,  0.631,  1.284,  1.636,  0.707,
 -0.025, -0.337,  0.299, -0.260,  0.090,  0.327,  1.488,  0.876,  0.582,
 -1.967,  0.301, -0.240, -1.201, -1.061,  0.510,  0.937,  0.335, -0.261,
  0.434, -0.263,  0.296, -1.677, -1.327, -3.076,  0.958,  0.251,  0.180,
 -0.416, -0.006, -0.376,  0.097,  0.243, -0.701, -1.084, -1.885, -1.727,
  1.068,  0.354,  0.809,  0.550,  0.945,  0.929,  1.016,  0.081, -0.135,
  1.613,  1.272,  0.318,  0.453,  0.561,  2.060,  0.662,  1.932, -0.782,
 -0.624, -1.116, -1.313,  0.441,  0.407, -0.129, -1.098,  0.258,  0.247,
 -1.353, -0.924, -1.895, -0.901,  0.683, -0.247,  0.815, -0.498,  0.085,
 -1.105, -0.446, -0.702, -1.346, -0.112, -0.675,  0.166,  0.006, -0.050,
  0.969, -0.122, -0.013, -1.300, -0.673, -1.501,  1.153,  0.022,  1.024,
 -0.161,  0.768, -0.041, -2.031, -0.572,  0.238, -0.059, -0.000, -0.643,
 -0.710,  0.251, -0.104,  0.561,  2.150, -0.320,  0.265, -0.450,  0.254,
  0.852, -0.391,  0.399,  0.248,  0.864,  0.446, -0.011, -0.693,  1.048,
  0.074,  0.390, -0.564,  0.177, -0.734,  0.779,  0.805, -0.121,  0.298,
 -0.205, -1.056, -0.626, -1.806, -1.185, -1.654,  0.466, -0.557,  1.254,
  0.727,  0.605,  0.582,  0.067,  0.237,  1.073,  0.944, -1.106,  1.058,
  0.980,  0.299,  0.466,  0.268,  0.243, -0.213, -0.505,  1.843,  0.925,
 -1.081, -1.157, -0.711, -0.711, -0.109,  0.694, -1.556, -0.774, -0.957,
 -0.406, -0.898, -0.187,  0.007,  0.428, -1.526,  0.249,  0.063, -0.520,
 -1.718,  0.132,  0.054, -2.228, -1.582, -2.322,  0.192, -0.770,  0.108,
  0.141,  0.727,  0.163,  1.408, -0.009,  1.298, -1.365,  0.350, -0.010,
  2.050,  0.661, -0.359, -0.585, -1.321, -0.271,  0.016,  0.952, -0.649,
 -0.808, -0.706,  0.217, -0.312, -1.751,  0.636,  0.232,  1.346, -0.415,
 -1.024, -1.814, -1.340, -1.095, -1.753, -0.828, -1.257,  0.477, -1.449,
  1.039,  0.250, -0.240, -0.347, -1.536, -1.406,  0.782,  0.065,  1.076,
 -0.002,  0.197,  0.154, -0.052,  0.487,  1.780, -2.208, -1.505, -0.775,
  0.530, -0.220,  0.412, -1.142,  0.526, -0.193,  0.772, -0.343, -0.079,
 -1.874, -0.938, -1.197, -0.626, -0.048, -0.799, -3.982, -2.166, -0.941,
  0.002, -1.137, -0.507,  2.055,  1.311,  1.022, -0.042, -1.079, -0.827,
  0.966, -0.302, -0.501, -1.592, -0.539, -1.539,  0.455, -1.110, -0.071,
  0.255,  0.102, -0.408,  0.341, -1.511, -1.045, -1.059,  0.895, -0.424,
  0.379, -0.328,  0.349, -0.383,  0.675, -0.229,  0.787, -0.582, -0.778,
  1.199,  0.968, -0.418,  0.163, -1.113, -0.590, -1.072, -0.124, -1.169,
  2.291,  2.160,  2.203,  0.879,  1.102,  0.331,  3.003,  2.250,  2.322,
  0.345, -1.342,  0.319,  1.068, -0.945,  0.593,  0.887, -0.342,  1.121,
  1.101,  2.609,  1.024,  2.157,  1.233,  0.028,  2.458,  2.316,  0.430,
 -0.129,  0.498, -0.282, -0.037,  0.487, -0.866, -0.331,  0.985,  0.329,
 -0.596, -0.084,  0.020, -0.341,  0.692,  0.038,  1.366, -0.056, -0.041,
 -0.137, -0.123, -0.623, -1.684, -1.012,  0.080, -1.019, -0.214,  0.276,
 -1.778, -1.641, -0.527,  1.914,  0.126,  1.074, -1.753, -0.966, -0.952,
  1.491,  1.008,  1.649,  1.358,  0.828,  0.208,  0.826,  0.862,  1.242,
 -1.029, -0.311, -1.350,  0.640,  0.865, -0.137, -1.068, -1.062, -1.090,
  0.479,  0.102,  0.951,  3.060,  0.238,  1.758,  1.518, -0.073,  1.017,
 -0.153,  0.778,  1.217,  0.734,  1.524,  0.001,  2.112,  2.361,  1.241,
  0.214,  1.020,  0.002, -0.299,  0.671,  0.475,  0.228,  0.469,  0.712,
 -0.340, -0.180,  0.333,  0.380, -0.082,  0.345,  1.124,  1.084, -0.318,
  1.169,  2.965,  1.299,  0.683,  0.591, -0.215,  2.367,  0.868,  2.673,
 -0.832, -0.047,  0.088,  0.448, -0.419,  0.872,  0.557, -0.715,  0.040,
  1.149,  0.896,  0.814,  0.036,  0.737,  0.303, -0.391, -0.861, -0.295,
 -0.080,  1.689,  0.998,  0.899,  0.367, -0.800, -0.347,  1.204, -0.076,
 -1.906, -2.908, -1.508, -2.165, -2.856, -2.208, -1.077, -0.066, -1.545,
  0.798,  0.976,  0.685,  1.928,  0.092,  0.543,  1.774, -1.274,  0.112,
 -0.798, -0.311, -0.809, -1.272, -0.823, -1.193, -0.683, -0.854,  0.069,
  1.306,  2.404,  1.561,  0.644,  0.599,  0.583,  2.710,  1.996,  1.685,
 -0.138,  0.097,  0.133, -0.850, -0.021, -0.055,  1.590,  0.733, -0.054,
 -0.573,  0.209, -0.241, -0.927, -1.315, -0.819,  0.251, -0.062, -0.410,
 -0.235,  0.562,  0.777, -0.656, -0.535,  0.144,  0.743,  1.137,  0.850,
 -0.011, -0.563, -0.278, -1.309, -0.568, -1.284,  0.110,  0.997,  1.058,
  2.059,  2.230,  1.433,  1.314,  0.925,  0.630,  1.686,  1.158,  0.195,
 -1.643, -1.183, -0.888, -2.044, -1.400, -0.953, -2.450, -2.127, -0.754,
  1.402,  1.164,  0.136, -0.010, -1.250,  1.217,  0.448,  1.402,  0.233,
 -1.071, -1.312, -0.735, -0.322, -0.177, -0.982, -0.358, -0.830,  0.176,
  0.628,  2.043,  1.688,  1.714,  2.414,  1.018,  0.516,  1.007,  1.680,
 -1.049,  0.176, -0.892,  0.432, -0.099,  0.634, -0.327, -0.147, -0.860,
  0.106,  1.388, -0.146,  0.215,  0.900,  0.511,  1.767,  2.509,  1.255,
  2.986,  2.101,  2.737,  3.095,  1.932,  1.991,  0.834,  1.650,  0.849,
 -0.173, -0.492, -0.392,  0.090, -0.399, -0.162, -1.447, -1.248, -1.650,
 -1.056, -1.331,  0.066, -0.489, -0.475,  0.724, -1.176, -0.719, -0.997,
  0.110, -0.400, -0.223,  0.100,  0.131,  0.410, -0.347, -0.702, -0.933,
  0.651, -0.046,  0.024,  1.265,  0.194,  1.198, -1.497, -1.236, -0.440,
 -1.572, -0.271, -0.824,  0.087, -1.610, -1.052, -1.296, -0.558, -0.538,
 -2.094, -1.244, -0.999, -1.850, -2.195, -0.849,  0.521,  0.355, -0.995,
  2.780,  2.070,  2.463,  0.679,  1.446,  1.110,  0.673,  0.353, -1.186,
  0.981,  0.082,  0.725,  0.791,  0.057, -0.091, -0.050, -1.058, -0.945,
  0.182, -0.285,  0.351, -0.378,  0.427,  0.272,  0.304, -0.727, -0.134,
  0.832,  1.455,  0.984,  0.656, -0.699,  0.021, -0.643, -0.686, -0.168,
 -0.223,  0.155,  1.498, -0.923, -0.914,  0.248, -0.946,  0.441, -1.713,
 -2.532, -1.917, -0.648, -0.599,  0.533,  0.151, -1.070, -0.161, -1.212,
 -0.667, -0.087, -0.057,  0.778, -0.703,  0.107,  1.503,  0.045, -0.411,
 -1.560, -0.983, -1.698, -0.925, -1.230, -0.989, -1.190, -0.109, -0.214,
  0.723,  0.166, -0.576, -1.695, -1.008, -1.814,  0.378,  0.130, -0.407,
  2.079,  1.350,  0.687,  0.998,  1.326,  0.294,  0.676,  1.766,  0.307,
  0.175, -0.913, -0.148,  0.027,  0.476, -0.438,  0.733, -1.122, -0.621,
  0.186, -0.125,  0.616,  1.105,  1.586, -0.875,  0.712,  0.382, -0.497,
 -0.579, -1.456, -1.045, -0.708, -0.162, -0.837,  0.231,  0.254,  0.105,
  0.763,  0.905, -0.170,  0.182,  0.983, -0.016,  0.794,  0.995,  0.780,
 -0.267,  0.792, -0.343, -0.415,  0.453, -1.561,  1.189,  1.399,  1.454,
 -0.015,  0.276, -0.071, -0.576, -0.798, -0.541,  0.372, -1.642,  0.379,
 -0.164, -0.265,  0.599, -0.274, -1.298,  0.709, -0.218, -1.000, -0.421,
  1.205,  0.411,  0.568,  0.796,  1.888,  0.615,  0.530,  0.216,  0.818,
  0.392, -0.649, -0.534, -0.490, -1.134,  0.256, -0.742, -0.741, -0.345,
 -0.933, -1.101,  0.297, -2.502, -2.527, -1.770,  1.813,  0.939, -0.200,
  0.263,  0.377, -0.338, -0.315, -1.885, -0.710,  0.996,  0.457,  0.339,
 -0.349,  1.035,  0.296, -1.100, -0.623,  0.338,  3.372,  1.066,  1.694,
 -0.490, -0.552, -0.738, -0.766, -0.125, -0.703,  0.485, -0.849,  0.535,
 -0.936,  0.028,  0.084,  1.822,  0.843,  0.459, -0.763, -0.642, -0.915,
  0.907,  0.690,  0.936,  0.509,  2.080,  1.277,  0.767,  1.113,  0.075,
  0.750,  1.016,  0.008, -1.107, -0.983, -1.952,  0.037,  0.004,  0.064,
  2.791,  1.652,  0.551,  1.295,  0.257,  0.621,  1.093,  1.749,  1.002,
  0.061, -0.637, -0.669,  0.056, -0.322,  0.516, -0.077, -0.618, -0.279,
 -2.401,  0.158, -0.129, -0.026, -0.819, -1.558, -0.149, -0.872, -0.788,
 -1.213, -2.773, -0.641, -0.913, -1.022, -0.004, -3.560, -2.803, -1.763,
  1.275,  0.133, -0.143,  1.067,  1.942, -0.411,  0.969,  0.841, -0.303,
 -0.647,  0.409, -0.787, -0.994,  0.234, -0.598, -1.482, -1.399, -1.585,
 -1.322, -1.307, -0.347, -0.800,  0.315, -0.276,  0.462,  0.716, -0.043,
  1.679,  1.157,  0.824,  1.116, -0.639, -1.216,  1.138,  0.995,  0.643,
  1.141,  2.170,  0.883,  2.053,  3.116,  1.399, -1.202, -1.395, -0.988,
  0.005,  1.036, -0.360,  0.421, -0.687, -0.871,  0.104,  0.584,  1.156,
  0.046, -0.267, -0.291,  1.432,  2.199,  1.448,  0.875, -0.393,  0.498,
  1.524, -0.068,  0.514,  1.625,  0.508,  0.879,  0.337, -0.342,  1.127,
 -0.106,  0.785,  1.441,  1.615, -0.156, -0.093,  0.931,  0.247,  1.013,
  1.546,  1.040,  0.289,  1.953,  1.754,  0.690,  0.131,  1.135,  0.446,
 -0.131, -0.887, -0.135, -1.625, -0.642, -0.102,  0.490, -0.708, -1.409,
 -0.357, -0.986, -0.066,  1.182, -1.615, -1.287,  1.200,  0.008,  0.407,
  0.356,  0.377, -0.449, -2.022, -0.159, -0.815, -0.203,  0.514, -0.161,
  0.024,  0.030, -0.429, -0.941, -0.021, -1.178,  0.266, -0.617, -0.695,
  1.561,  1.593,  1.184,  0.505,  0.727,  1.133,  2.452,  0.725,  1.772,
 -1.695, -2.343, -2.282, -0.838, -0.780,  0.047, -0.475,  0.649, -0.255,
 -2.743, -2.040, -1.870, -2.348, -2.025, -2.491, -2.604, -2.214, -0.917,
  0.580, -0.350, -0.018, -0.368,  0.636, -0.143, -1.226, -0.279,  0.491,
 -1.106, -0.794, -1.497, -0.106, -0.869, -0.903,  0.637, -0.623, -0.368,
  0.215,  0.066,  0.047,  0.050,  1.133, -0.186,  0.957,  0.109, -0.662,
 -1.811,  0.318,  0.422, -0.138, -0.069,  0.922,  1.502,  1.327, -0.953,
  0.407, -0.479,  0.004,  0.302, -0.442,  0.304,  0.380,  0.647,  0.363,
  1.189,  1.993,  1.370,  1.371,  0.189,  0.228, -0.343,  1.556,  1.050,
  0.192,  0.959, -0.344,  1.294,  1.199,  1.642,  1.650,  1.573,  1.279,
  2.684,  2.105,  2.337,  3.228,  1.364,  1.674,  2.731,  2.418,  1.178,
  1.583, -0.304,  0.610,  0.083,  1.157, -0.373,  2.415,  1.723,  0.821,
 -0.936, -0.127,  0.439,  1.350, -0.053,  0.518,  0.541,  0.168,  1.178,
  0.417,  0.801,  1.278,  0.624,  1.207, -0.808, -0.607,  0.126, -0.210,
  0.455,  0.301,  0.025,  1.599,  0.925, -0.013, -0.546,  0.672, -0.706,
 -0.118,  0.291,  0.571,  0.563,  0.095,  0.074,  0.048, -0.575,  0.705,
 -1.360, -1.110,  0.207,  0.218,  0.577, -0.458, -0.861, -0.353, -0.371,
  0.588, -0.338,  0.174, -0.241,  1.056, -0.388,  0.158,  0.305, -0.588,
  1.463,  0.181,  1.222,  0.790,  0.494,  0.992, -0.221, -0.403, -0.353,
  1.239,  0.521,  0.636,  0.957,  0.673,  1.748, -0.012,  0.702,  0.853,
 -0.252, -0.011, -1.494,  1.425,  0.769,  1.480,  0.620, -1.366,  0.161,
 -0.091,  0.562, -0.132,  0.328,  0.621, -0.882, -0.442, -0.419, -0.033,
 -1.637, -1.699, -1.969, -0.974,  0.263, -0.987,  0.534,  0.389, -0.059,
  0.393,  0.391,  0.734,  0.455,  1.190, -0.381,  0.815, -0.767,  0.126,
  0.052, -0.667,  1.114,  2.072,  1.309,  0.346,  2.789,  1.601,  1.315,
  0.126,  0.645,  0.171,  1.093, -0.013,  0.636,  1.939, -0.186,  0.851,
  0.663,  1.592, -0.148,  0.659,  0.626, -0.300,  3.084,  1.189,  1.654,
 -1.416, -1.643, -1.032, -0.210, -0.219, -0.484,  0.329, -0.956, -0.303,
  1.309, -0.288,  0.692,  0.429, -0.036, -0.310, -0.260, -0.806, -1.031,
  0.857,  1.896,  0.693,  0.851,  0.585,  0.229,  0.105,  1.105,  0.764,
 -1.610, -2.399, -1.395, -0.348, -1.024, -1.528,  0.528,  0.770,  0.158,
  0.743,  0.834,  0.148, -2.249, -0.869,  0.652, -0.333,  0.638,  0.412,
  1.151, -0.032, -0.663,  1.243,  0.214,  0.394,  0.365,  0.808,  0.904,
 -1.909, -1.008, -0.098, -0.893, -1.063, -1.890,  1.258,  1.852,  1.194,
 -2.066, -0.346, -1.171, -0.407,  0.473, -0.281,  0.668,  0.251,  0.199,
 -0.159, -0.692, -0.646, -0.570,  1.083,  0.259, -0.976,  0.478, -0.691,
 -0.369,  0.334,  1.449, -1.589, -0.173,  0.134, -1.029, -0.068, -0.872,
 -1.341, -0.912, -0.523, -0.256,  0.049, -1.753, -1.359, -0.938, -0.843,
  0.533,  1.640,  0.377,  1.324,  0.021, -0.614,  1.249,  1.748, -0.077,
  0.061,  0.588,  0.615, -1.598, -0.365, -1.821,  0.550, -0.101,  0.455,
 -0.610, -1.049,  0.022,  0.890,  1.037,  0.859,  1.048,  0.956,  0.535,
  0.630, -0.743, -0.322, -0.582,  1.537,  0.180, -0.865, -0.569, -0.405,
  0.145,  0.040,  0.087, -0.059,  0.114, -0.866, -0.753,  0.173,  0.027,
  0.014, -0.207,  0.099,  0.622,  0.669,  0.135, -0.917,  0.404, -1.217,
 -0.286,  0.245,  0.522,  1.342,  1.684,  0.688,  0.375, -2.453, -0.331,
 -1.408, -1.279, -0.592,  1.382,  0.972,  0.821,  0.798, -1.017, -0.141,
  0.106, -0.774, -0.227, -0.261, -0.598, -0.349,  0.161,  0.886,  1.338,
  1.769,  2.249,  1.954,  2.025,  0.268,  1.296, -0.277,  0.140,  0.579,
  0.882,  1.080,  1.212,  0.547, -0.417,  0.483,  1.970,  0.606, -0.109,
 -0.978, -0.292, -0.234,  0.191, -1.295,  0.198, -1.504, -0.232, -1.585,
 -0.962, -2.206,  0.151, -0.919,  0.428, -0.424, -1.621, -2.174, -2.177,
  0.486,  0.501,  0.498,  0.948,  1.892,  1.669,  1.463,  2.406,  1.397,
  0.069,  0.494, -0.685, -0.357, -0.141,  0.986,  2.691,  1.130,  1.674,
  0.754,  0.479,  0.233,  1.322,  1.221, -0.362,  0.511,  0.019,  0.656,
 -1.288, -1.137, -0.230, -1.339, -1.503, -0.324,  0.057, -0.774,  1.469,
  1.402,  0.118, -0.251, -0.227, -0.660, -0.642, -0.283,  0.836, -0.200,
 -0.645, -0.345,  0.386, -0.600, -0.295, -0.769,  1.320,  1.666,  2.162,
 -2.423, -1.271, -1.530, -1.829, -1.168, -1.629, -1.968, -1.905, -1.040,
  1.142, -0.568,  0.744,  0.271, -0.080,  1.589,  2.302,  1.386,  1.360,
  0.876,  0.857,  1.638,  1.429,  1.474,  0.856,  1.881,  1.935,  1.576,
  0.193, -0.147, -0.219,  1.535,  0.852,  1.935, -1.786, -1.203,  0.439,
 -0.197,  0.104,  0.381,  1.663,  1.175,  0.364,  0.621, -0.481, -0.073,
  1.168,  0.323, -0.067,  0.078, -0.716,  0.885,  1.109,  0.727,  0.375,
  2.219,  1.724,  0.078, -0.491, -0.396, -1.145,  0.943,  1.100,  0.455,
  0.128,  0.077, -0.546, -1.170, -0.943,  0.051,  0.291,  0.555,  0.554,
  1.203,  1.378,  0.976,  2.107,  0.185,  0.866,  0.066, -0.191,  0.144,
 -0.802, -0.826, -0.555,  0.364,  0.567,  0.133, -0.599, -0.172,  0.594,
 -2.146, -1.425, -1.394, -1.733,  0.241,  0.121, -2.247,  0.005,  0.145,
  0.461, -0.640, -0.152, -0.564, -0.562, -0.607, -0.740, -1.276,  0.048,
 -1.360, -0.049, -0.105,  0.346, -0.270, -0.470, -0.510,  0.873,  0.041,
  1.120,  2.267,  1.059,  1.071,  1.103,  0.944,  0.390,  1.145, -0.349,
 -1.929, -2.859, -1.648, -2.188, -0.686, -1.111, -0.694, -1.471, -0.778,
 -0.519, -1.195, -1.698,  1.031,  0.782,  0.488,  0.296,  0.234,  0.104,
  0.554,  1.142,  1.169,  0.983, -0.826, -0.498,  0.701,  0.533, -0.095,
  0.000, -0.111, -0.282,  2.873,  0.555,  0.835,  1.037,  0.198,  0.277,
  1.081,  1.459,  0.507, -0.162, -0.120, -0.538,  1.866,  1.172,  1.902,
  0.636,  1.210, -0.154,  1.069, -0.475, -0.218, -1.375, -1.064,  0.333,
 -1.271, -1.026, -2.443,  1.053,  0.138, -0.186, -0.194, -1.374, -0.978,
 -1.276, -0.552, -2.317, -1.832, -0.966,  0.031, -0.790, -0.089,  0.170,
 -1.269, -0.180, -0.226,  0.693,  0.310,  0.121, -2.306, -0.609, -0.318,
 -1.328, -2.143, -2.506, -1.721, -1.711, -1.535, -0.944,  0.255, -0.242,
 -0.227, -0.081,  0.856,  0.498, -0.051, -0.710, -1.339, -1.050, -0.484,
  0.143,  0.397, -0.455, -0.935, -0.789, -0.517, -0.172, -0.414, -0.064,
  0.201,  0.949,  0.404,  0.223, -0.493, -0.830, -0.540, -0.282, -0.228,
 -0.643,  0.622, -0.316, -1.738, -0.284, -0.419, -0.736, -0.716, -0.715,
 -0.890, -0.596, -0.360, -0.447, -0.387, -1.028,  0.320,  1.534,  0.073